Subset of Points	Shortest Path Predicted\shortest path predicted distance	Shortest Path Actual	actual shortest path distance	Predicted=Actual
[]	[0, 0]	0.0	[0, 0]	0.0	True
[1]	[0, 1, 0]	105.62	[0, 1, 0]	105.62	True
[2]	[0, 2, 0]	153.39	[0, 2, 0]	153.39	True
[3]	[0, 3, 0]	86.83	[0, 3, 0]	86.83	True
[4]	[0, 4, 0]	52.5	[0, 4, 0]	52.5	True
[5]	[0, 5, 0]	71.81	[0, 5, 0]	71.81	True
[6]	[0, 6, 0]	153.31	[0, 6, 0]	153.31	True
[7]	[0, 7, 0]	102.08	[0, 7, 0]	102.08	True
[8]	[0, 8, 0]	198.6	[0, 8, 0]	198.6	True
[9]	[0, 9, 0]	165.75	[0, 9, 0]	165.75	True
[1, 2]	[0, 2, 1, 0]	162.75	[0, 1, 2, 0]	162.75	True
[1, 3]	[0, 3, 1, 0]	124.83	[0, 1, 3, 0]	124.83	True
[1, 4]	[0, 4, 1, 0]	112.2	[0, 4, 1, 0]	112.2	True
[1, 5]	[0, 5, 1, 0]	106.21	[0, 1, 5, 0]	106.21	True
[1, 6]	[0, 6, 1, 0]	153.65	[0, 1, 6, 0]	153.65	True
[1, 7]	[0, 7, 1, 0]	118.88	[0, 1, 7, 0]	118.88	True
[1, 8]	[0, 8, 1, 0]	217.38	[0, 1, 8, 0]	217.38	True
[1, 9]	[0, 9, 1, 0]	200.53	[0, 1, 9, 0]	200.53	True
[2, 3]	[0, 3, 2, 0]	155.45	[0, 2, 3, 0]	155.45	True
[2, 4]	[0, 4, 2, 0]	153.98	[0, 2, 4, 0]	153.98	True
[2, 5]	[0, 5, 2, 0]	160.1	[0, 5, 2, 0]	160.1	True
[2, 6]	[0, 6, 2, 0]	186.0	[0, 2, 6, 0]	186.0	True
[2, 7]	[0, 7, 2, 0]	175.41	[0, 2, 7, 0]	175.41	True
[2, 8]	[0, 8, 2, 0]	209.13	[0, 2, 8, 0]	209.13	True
[2, 9]	[0, 9, 2, 0]	202.02	[0, 2, 9, 0]	202.02	True
[3, 4]	[0, 4, 3, 0]	86.87	[0, 3, 4, 0]	86.87	True
[3, 5]	[0, 5, 3, 0]	106.52	[0, 3, 5, 0]	106.52	True
[3, 6]	[0, 6, 3, 0]	169.11	[0, 3, 6, 0]	169.11	True
[3, 7]	[0, 7, 3, 0]	134.46	[0, 3, 7, 0]	134.46	True
[3, 8]	[0, 8, 3, 0]	198.79	[0, 3, 8, 0]	198.79	True
[3, 9]	[0, 9, 3, 0]	170.3	[0, 3, 9, 0]	170.3	True
[4, 5]	[0, 5, 4, 0]	83.78	[0, 4, 5, 0]	83.78	True
[4, 6]	[0, 6, 4, 0]	159.9	[0, 6, 4, 0]	159.9	True
[4, 7]	[0, 7, 4, 0]	115.76	[0, 7, 4, 0]	115.76	True
[4, 8]	[0, 8, 4, 0]	198.79	[0, 8, 4, 0]	198.79	True
[4, 9]	[0, 9, 4, 0]	168.16	[0, 4, 9, 0]	168.16	True
[5, 6]	[0, 6, 5, 0]	153.36	[0, 5, 6, 0]	153.36	True
[5, 7]	[0, 7, 5, 0]	104.03	[0, 5, 7, 0]	104.03	True
[5, 8]	[0, 8, 5, 0]	212.12	[0, 5, 8, 0]	212.12	True
[5, 9]	[0, 9, 5, 0]	189.13	[0, 5, 9, 0]	189.13	True
[6, 7]	[0, 7, 6, 0]	156.9	[0, 6, 7, 0]	156.9	True
[6, 8]	[0, 8, 6, 0]	240.51	[0, 6, 8, 0]	240.51	True
[6, 9]	[0, 9, 6, 0]	233.56	[0, 6, 9, 0]	233.56	True
[7, 8]	[0, 8, 7, 0]	230.49	[0, 7, 8, 0]	230.49	True
[7, 9]	[0, 9, 7, 0]	213.32	[0, 7, 9, 0]	213.32	True
[8, 9]	[0, 9, 8, 0]	210.46	[0, 8, 9, 0]	210.46	True
[1, 2, 3]	[0, 3, 2, 1, 0]	164.81	[0, 1, 2, 3, 0]	164.81	True
[1, 2, 4]	[0, 4, 2, 1, 0]	163.34	[0, 1, 2, 4, 0]	163.34	True
[1, 2, 5]	[0, 2, 1, 5, 0]	163.33	[0, 2, 1, 5, 0]	163.33	True
[1, 2, 6]	[0, 2, 6, 1, 0]	186.34	[0, 1, 6, 2, 0]	186.34	True
[1, 2, 7]	[0, 2, 1, 7, 0]	176.01	[0, 2, 1, 7, 0]	176.01	True
[1, 2, 8]	[0, 8, 2, 1, 0]	218.49	[0, 1, 2, 8, 0]	218.49	True
[1, 2, 9]	[0, 9, 2, 1, 0]	211.38	[0, 1, 2, 9, 0]	211.38	True
[1, 3, 4]	[0, 4, 3, 1, 0]	124.87	[0, 4, 3, 1, 0]	124.87	True
[1, 3, 5]	[0, 3, 1, 5, 0]	125.41	[0, 3, 1, 5, 0]	125.41	True
[1, 3, 6]	[0, 3, 6, 1, 0]	169.46	[0, 1, 6, 3, 0]	169.46	True
[1, 3, 7]	[0, 3, 1, 7, 0]	138.09	[0, 3, 1, 7, 0]	138.09	True
[1, 3, 8]	[0, 3, 8, 1, 0]	217.58	[0, 1, 8, 3, 0]	217.58	True
[1, 3, 9]	[0, 3, 9, 1, 0]	205.08	[0, 3, 9, 1, 0]	205.08	True
[1, 4, 5]	[0, 4, 1, 5, 0]	112.78	[0, 5, 1, 4, 0]	112.78	True
[1, 4, 6]	[0, 4, 1, 6, 0]	160.23	[0, 6, 1, 4, 0]	160.23	True
[1, 4, 7]	[0, 4, 1, 7, 0]	125.46	[0, 4, 1, 7, 0]	125.46	True
[1, 4, 8]	[0, 4, 8, 1, 0]	217.58	[0, 1, 8, 4, 0]	217.58	True
[1, 4, 9]	[0, 4, 9, 1, 0]	202.94	[0, 1, 9, 4, 0]	202.94	True
[1, 5, 6]	[0, 5, 6, 1, 0]	153.7	[0, 1, 6, 5, 0]	153.7	True
[1, 5, 7]	[0, 5, 1, 7, 0]	119.47	[0, 5, 1, 7, 0]	119.47	True
[1, 5, 8]	[0, 5, 1, 8, 0]	217.97	[0, 5, 1, 8, 0]	217.97	True
[1, 5, 9]	[0, 5, 1, 9, 0]	201.11	[0, 5, 1, 9, 0]	201.11	True
[1, 6, 7]	[0, 7, 6, 1, 0]	157.24	[0, 1, 6, 7, 0]	157.24	True
[1, 6, 8]	[0, 8, 6, 1, 0]	240.86	[0, 1, 6, 8, 0]	240.86	True
[1, 6, 9]	[0, 9, 6, 1, 0]	233.9	[0, 1, 6, 9, 0]	233.9	True
[1, 7, 8]	[0, 7, 1, 8, 0]	230.65	[0, 7, 1, 8, 0]	230.65	True
[1, 7, 9]	[0, 7, 1, 9, 0]	213.79	[0, 7, 1, 9, 0]	213.79	True
[1, 8, 9]	[0, 9, 8, 1, 0]	229.25	[0, 1, 8, 9, 0]	229.24	True
[2, 3, 4]	[0, 4, 3, 2, 0]	155.49	[0, 2, 3, 4, 0]	155.49	True
[2, 3, 5]	[0, 3, 2, 5, 0]	162.17	[0, 5, 2, 3, 0]	162.17	True
[2, 3, 6]	[0, 3, 2, 6, 0]	188.06	[0, 3, 2, 6, 0]	188.06	True
[2, 3, 7]	[0, 3, 2, 7, 0]	177.47	[0, 3, 2, 7, 0]	177.47	True
[2, 3, 8]	[0, 3, 8, 2, 0]	209.33	[0, 2, 8, 3, 0]	209.33	True
[2, 3, 9]	[0, 3, 2, 9, 0]	204.08	[0, 3, 2, 9, 0]	204.08	True
[2, 4, 5]	[0, 4, 2, 5, 0]	160.7	[0, 4, 2, 5, 0]	160.7	True
[2, 4, 6]	[0, 4, 2, 6, 0]	186.59	[0, 6, 2, 4, 0]	186.59	True
[2, 4, 7]	[0, 4, 2, 7, 0]	176.0	[0, 4, 2, 7, 0]	176.0	True
[2, 4, 8]	[0, 4, 8, 2, 0]	209.33	[0, 2, 8, 4, 0]	209.33	True
[2, 4, 9]	[0, 4, 2, 9, 0]	202.61	[0, 4, 2, 9, 0]	202.61	True
[2, 5, 6]	[0, 5, 6, 2, 0]	186.05	[0, 5, 6, 2, 0]	186.05	True
[2, 5, 7]	[0, 5, 7, 2, 0]	177.36	[0, 5, 7, 2, 0]	177.36	True
[2, 5, 8]	[0, 5, 2, 8, 0]	215.84	[0, 5, 2, 8, 0]	215.84	True
[2, 5, 9]	[0, 5, 2, 9, 0]	208.73	[0, 5, 2, 9, 0]	208.73	True
[2, 6, 7]	[0, 7, 6, 2, 0]	189.59	[0, 2, 6, 7, 0]	189.59	True
[2, 6, 8]	[0, 6, 2, 8, 0]	241.74	[0, 6, 2, 8, 0]	241.74	True
[2, 6, 9]	[0, 6, 2, 9, 0]	234.63	[0, 6, 2, 9, 0]	234.63	True
[2, 7, 8]	[0, 7, 2, 8, 0]	231.15	[0, 7, 2, 8, 0]	231.15	True
[2, 7, 9]	[0, 7, 2, 9, 0]	224.04	[0, 9, 2, 7, 0]	224.04	True
[2, 8, 9]	[0, 9, 8, 2, 0]	220.99	[0, 2, 8, 9, 0]	220.99	True
[3, 4, 5]	[0, 4, 3, 5, 0]	106.56	[0, 4, 3, 5, 0]	106.56	True
[3, 4, 6]	[0, 4, 3, 6, 0]	169.15	[0, 6, 3, 4, 0]	169.15	True
[3, 4, 7]	[0, 4, 3, 7, 0]	134.49	[0, 4, 3, 7, 0]	134.49	True
[3, 4, 8]	[0, 4, 3, 8, 0]	198.83	[0, 4, 3, 8, 0]	198.83	True
[3, 4, 9]	[0, 4, 3, 9, 0]	170.34	[0, 4, 3, 9, 0]	170.34	True
[3, 5, 6]	[0, 5, 6, 3, 0]	169.16	[0, 3, 6, 5, 0]	169.16	True
[3, 5, 7]	[0, 5, 7, 3, 0]	136.41	[0, 5, 7, 3, 0]	136.41	True
[3, 5, 8]	[0, 5, 8, 3, 0]	212.32	[0, 3, 8, 5, 0]	212.32	True
[3, 5, 9]	[0, 5, 3, 9, 0]	189.99	[0, 5, 3, 9, 0]	189.99	True
[3, 6, 7]	[0, 7, 6, 3, 0]	172.7	[0, 3, 6, 7, 0]	172.7	True
[3, 6, 8]	[0, 6, 8, 3, 0]	240.71	[0, 6, 8, 3, 0]	240.71	True
[3, 6, 9]	[0, 6, 9, 3, 0]	238.11	[0, 3, 9, 6, 0]	238.11	True
[3, 7, 8]	[0, 7, 8, 3, 0]	230.69	[0, 3, 8, 7, 0]	230.69	True
[3, 7, 9]	[0, 7, 9, 3, 0]	217.87	[0, 3, 9, 7, 0]	217.87	True
[3, 8, 9]	[0, 9, 8, 3, 0]	210.65	[0, 3, 8, 9, 0]	210.65	True
[4, 5, 6]	[0, 5, 6, 4, 0]	159.96	[0, 5, 6, 4, 0]	159.96	True
[4, 5, 7]	[0, 7, 5, 4, 0]	116.01	[0, 4, 5, 7, 0]	116.01	True
[4, 5, 8]	[0, 5, 8, 4, 0]	212.32	[0, 4, 8, 5, 0]	212.32	True
[4, 5, 9]	[0, 5, 9, 4, 0]	191.53	[0, 5, 9, 4, 0]	191.53	True
[4, 6, 7]	[0, 7, 6, 4, 0]	163.49	[0, 4, 6, 7, 0]	163.49	True
[4, 6, 8]	[0, 6, 8, 4, 0]	240.71	[0, 6, 8, 4, 0]	240.71	True
[4, 6, 9]	[0, 6, 9, 4, 0]	235.96	[0, 6, 9, 4, 0]	235.96	True
[4, 7, 8]	[0, 7, 8, 4, 0]	230.69	[0, 4, 8, 7, 0]	230.69	True
[4, 7, 9]	[0, 7, 9, 4, 0]	215.73	[0, 4, 9, 7, 0]	215.73	True
[4, 8, 9]	[0, 9, 8, 4, 0]	210.65	[0, 4, 8, 9, 0]	210.65	True
[5, 6, 7]	[0, 7, 6, 5, 0]	156.95	[0, 5, 6, 7, 0]	156.95	True
[5, 6, 8]	[0, 8, 6, 5, 0]	240.56	[0, 5, 6, 8, 0]	240.56	True
[5, 6, 9]	[0, 9, 6, 5, 0]	233.61	[0, 5, 6, 9, 0]	233.61	True
[5, 7, 8]	[0, 8, 7, 5, 0]	232.44	[0, 8, 7, 5, 0]	232.44	True
[5, 7, 9]	[0, 9, 7, 5, 0]	215.27	[0, 5, 7, 9, 0]	215.27	True
[5, 8, 9]	[0, 9, 8, 5, 0]	223.98	[0, 5, 8, 9, 0]	223.98	True
[6, 7, 8]	[0, 7, 6, 8, 0]	244.1	[0, 8, 6, 7, 0]	244.1	True
[6, 7, 9]	[0, 7, 6, 9, 0]	237.15	[0, 9, 6, 7, 0]	237.15	True
[6, 8, 9]	[0, 9, 8, 6, 0]	252.37	[0, 6, 8, 9, 0]	252.37	True
[7, 8, 9]	[0, 9, 8, 7, 0]	242.35	[0, 7, 8, 9, 0]	242.35	True
[1, 2, 3, 4]	[0, 4, 3, 2, 1, 0]	164.85	[0, 1, 2, 3, 4, 0]	164.85	True
[1, 2, 3, 5]	[0, 3, 2, 1, 5, 0]	165.39	[0, 3, 2, 1, 5, 0]	165.39	True
[1, 2, 3, 6]	[0, 3, 2, 6, 1, 0]	188.41	[0, 1, 6, 2, 3, 0]	188.41	True
[1, 2, 3, 7]	[0, 3, 2, 1, 7, 0]	178.07	[0, 3, 2, 1, 7, 0]	178.07	True
[1, 2, 3, 8]	[0, 3, 8, 2, 1, 0]	218.69	[0, 1, 2, 8, 3, 0]	218.69	True
[1, 2, 3, 9]	[0, 3, 9, 2, 1, 0]	215.93	[0, 1, 2, 9, 3, 0]	215.93	True
[1, 2, 4, 5]	[0, 4, 2, 1, 5, 0]	163.92	[0, 5, 1, 2, 4, 0]	163.92	True
[1, 2, 4, 6]	[0, 4, 2, 6, 1, 0]	186.94	[0, 1, 6, 2, 4, 0]	186.94	True
[1, 2, 4, 7]	[0, 4, 2, 1, 7, 0]	176.6	[0, 4, 2, 1, 7, 0]	176.6	True
[1, 2, 4, 8]	[0, 4, 8, 2, 1, 0]	218.68	[0, 1, 2, 8, 4, 0]	218.68	True
[1, 2, 4, 9]	[0, 4, 9, 2, 1, 0]	213.79	[0, 1, 2, 9, 4, 0]	213.79	True
[1, 2, 5, 6]	[0, 2, 6, 1, 5, 0]	186.93	[0, 2, 6, 1, 5, 0]	186.93	True
[1, 2, 5, 7]	[0, 2, 1, 7, 5, 0]	177.96	[0, 2, 1, 7, 5, 0]	177.96	True
[1, 2, 5, 8]	[0, 8, 2, 1, 5, 0]	219.07	[0, 5, 1, 2, 8, 0]	219.07	True
[1, 2, 5, 9]	[0, 9, 2, 1, 5, 0]	211.96	[0, 5, 1, 2, 9, 0]	211.96	True
[1, 2, 6, 7]	[0, 2, 6, 1, 7, 0]	199.6	[0, 1, 2, 6, 7, 0]	198.95	False
[1, 2, 6, 8]	[0, 8, 2, 6, 1, 0]	242.08	[0, 1, 6, 2, 8, 0]	242.08	True
[1, 2, 6, 9]	[0, 9, 2, 6, 1, 0]	234.97	[0, 1, 6, 2, 9, 0]	234.97	True
[1, 2, 7, 8]	[0, 8, 2, 1, 7, 0]	231.75	[0, 8, 2, 1, 7, 0]	231.75	True
[1, 2, 7, 9]	[0, 9, 2, 1, 7, 0]	224.64	[0, 7, 1, 2, 9, 0]	224.64	True
[1, 2, 8, 9]	[0, 9, 8, 2, 1, 0]	230.35	[0, 1, 2, 8, 9, 0]	230.35	True
[1, 3, 4, 5]	[0, 4, 3, 1, 5, 0]	125.45	[0, 4, 3, 1, 5, 0]	125.45	True
[1, 3, 4, 6]	[0, 4, 3, 6, 1, 0]	169.49	[0, 1, 6, 3, 4, 0]	169.49	True
[1, 3, 4, 7]	[0, 4, 3, 1, 7, 0]	138.13	[0, 4, 3, 1, 7, 0]	138.13	True
[1, 3, 4, 8]	[0, 4, 3, 8, 1, 0]	217.62	[0, 1, 8, 3, 4, 0]	217.62	True
[1, 3, 4, 9]	[0, 4, 3, 9, 1, 0]	205.12	[0, 1, 9, 3, 4, 0]	205.12	True
[1, 3, 5, 6]	[0, 3, 6, 1, 5, 0]	170.04	[0, 5, 1, 6, 3, 0]	170.04	True
[1, 3, 5, 7]	[0, 3, 1, 7, 5, 0]	140.04	[0, 3, 1, 7, 5, 0]	140.04	True
[1, 3, 5, 8]	[0, 3, 8, 1, 5, 0]	218.17	[0, 5, 1, 8, 3, 0]	218.17	True
[1, 3, 5, 9]	[0, 3, 9, 1, 5, 0]	205.67	[0, 3, 9, 1, 5, 0]	205.67	True
[1, 3, 6, 7]	[0, 3, 6, 1, 7, 0]	182.72	[0, 3, 1, 6, 7, 0]	176.45	False
[1, 3, 6, 8]	[0, 3, 8, 6, 1, 0]	241.05	[0, 1, 6, 8, 3, 0]	241.05	True
[1, 3, 6, 9]	[0, 3, 9, 6, 1, 0]	238.45	[0, 3, 9, 6, 1, 0]	238.45	True
[1, 3, 7, 8]	[0, 3, 8, 1, 7, 0]	230.85	[0, 3, 8, 1, 7, 0]	230.85	True
[1, 3, 7, 9]	[0, 3, 9, 1, 7, 0]	218.35	[0, 3, 9, 1, 7, 0]	218.35	True
[1, 3, 8, 9]	[0, 3, 9, 8, 1, 0]	233.8	[0, 1, 8, 9, 3, 0]	233.8	True
[1, 4, 5, 6]	[0, 4, 1, 6, 5, 0]	160.28	[0, 5, 6, 1, 4, 0]	160.28	True
[1, 4, 5, 7]	[0, 4, 1, 7, 5, 0]	127.41	[0, 5, 7, 1, 4, 0]	127.41	True
[1, 4, 5, 8]	[0, 4, 8, 1, 5, 0]	218.17	[0, 4, 8, 1, 5, 0]	218.17	True
[1, 4, 5, 9]	[0, 4, 9, 1, 5, 0]	203.52	[0, 5, 1, 9, 4, 0]	203.52	True
[1, 4, 6, 7]	[0, 4, 1, 6, 7, 0]	163.82	[0, 4, 1, 6, 7, 0]	163.82	True
[1, 4, 6, 8]	[0, 4, 1, 6, 8, 0]	247.43	[0, 1, 6, 8, 4, 0]	241.05	False
[1, 4, 6, 9]	[0, 4, 1, 6, 9, 0]	240.47	[0, 1, 6, 9, 4, 0]	236.31	False
[1, 4, 7, 8]	[0, 4, 8, 1, 7, 0]	230.84	[0, 4, 8, 1, 7, 0]	230.84	True
[1, 4, 7, 9]	[0, 4, 9, 1, 7, 0]	216.2	[0, 4, 9, 1, 7, 0]	216.2	True
[1, 4, 8, 9]	[0, 4, 9, 8, 1, 0]	231.65	[0, 1, 8, 9, 4, 0]	231.65	True
[1, 5, 6, 7]	[0, 5, 7, 6, 1, 0]	159.19	[0, 5, 1, 6, 7, 0]	157.83	False
[1, 5, 6, 8]	[0, 5, 8, 6, 1, 0]	254.38	[0, 5, 1, 6, 8, 0]	241.44	False
[1, 5, 6, 9]	[0, 5, 6, 1, 9, 0]	248.61	[0, 9, 6, 1, 5, 0]	234.48	False
[1, 5, 7, 8]	[0, 5, 8, 1, 7, 0]	244.17	[0, 8, 1, 7, 5, 0]	232.6	False
[1, 5, 7, 9]	[0, 5, 1, 7, 9, 0]	230.71	[0, 5, 7, 1, 9, 0]	215.74	False
[1, 5, 8, 9]	[0, 5, 1, 8, 9, 0]	229.83	[0, 5, 1, 8, 9, 0]	229.83	True
[1, 6, 7, 8]	[0, 7, 6, 8, 1, 0]	262.89	[0, 7, 1, 6, 8, 0]	254.12	False
[1, 6, 7, 9]	[0, 7, 6, 1, 9, 0]	252.15	[0, 9, 6, 1, 7, 0]	247.16	False
[1, 6, 8, 9]	[0, 9, 8, 6, 1, 0]	252.72	[0, 1, 6, 8, 9, 0]	252.72	True
[1, 7, 8, 9]	[0, 7, 1, 8, 9, 0]	242.51	[0, 7, 1, 8, 9, 0]	242.51	True
[2, 3, 4, 5]	[0, 4, 3, 2, 5, 0]	162.21	[0, 5, 2, 3, 4, 0]	162.21	True
[2, 3, 4, 6]	[0, 4, 3, 2, 6, 0]	188.1	[0, 4, 3, 2, 6, 0]	188.1	True
[2, 3, 4, 7]	[0, 4, 3, 2, 7, 0]	177.51	[0, 7, 2, 3, 4, 0]	177.51	True
[2, 3, 4, 8]	[0, 4, 3, 8, 2, 0]	209.36	[0, 2, 8, 3, 4, 0]	209.36	True
[2, 3, 4, 9]	[0, 4, 3, 2, 9, 0]	204.12	[0, 9, 2, 3, 4, 0]	204.12	True
[2, 3, 5, 6]	[0, 3, 2, 6, 5, 0]	188.11	[0, 3, 2, 6, 5, 0]	188.11	True
[2, 3, 5, 7]	[0, 3, 2, 7, 5, 0]	179.42	[0, 5, 7, 2, 3, 0]	179.42	True
[2, 3, 5, 8]	[0, 3, 8, 2, 5, 0]	216.04	[0, 5, 2, 8, 3, 0]	216.04	True
[2, 3, 5, 9]	[0, 3, 9, 2, 5, 0]	213.29	[0, 3, 9, 2, 5, 0]	213.29	True
[2, 3, 6, 7]	[0, 3, 2, 6, 7, 0]	191.65	[0, 3, 2, 6, 7, 0]	191.65	True
[2, 3, 6, 8]	[0, 3, 8, 2, 6, 0]	241.94	[0, 6, 2, 8, 3, 0]	241.94	True
[2, 3, 6, 9]	[0, 3, 9, 2, 6, 0]	239.18	[0, 3, 9, 2, 6, 0]	239.18	True
[2, 3, 7, 8]	[0, 3, 8, 2, 7, 0]	231.35	[0, 3, 8, 2, 7, 0]	231.35	True
[2, 3, 7, 9]	[0, 3, 9, 2, 7, 0]	228.59	[0, 3, 9, 2, 7, 0]	228.59	True
[2, 3, 8, 9]	[0, 3, 9, 8, 2, 0]	225.54	[0, 3, 2, 8, 9, 0]	223.05	False
[2, 4, 5, 6]	[0, 4, 2, 6, 5, 0]	186.64	[0, 5, 6, 2, 4, 0]	186.64	True
[2, 4, 5, 7]	[0, 4, 2, 7, 5, 0]	177.95	[0, 4, 2, 7, 5, 0]	177.95	True
[2, 4, 5, 8]	[0, 4, 8, 2, 5, 0]	216.04	[0, 5, 2, 8, 4, 0]	216.04	True
[2, 4, 5, 9]	[0, 4, 9, 2, 5, 0]	211.14	[0, 4, 9, 2, 5, 0]	211.14	True
[2, 4, 6, 7]	[0, 4, 2, 6, 7, 0]	190.18	[0, 4, 2, 6, 7, 0]	190.18	True
[2, 4, 6, 8]	[0, 4, 8, 2, 6, 0]	241.94	[0, 6, 2, 8, 4, 0]	241.94	True
[2, 4, 6, 9]	[0, 4, 9, 2, 6, 0]	237.04	[0, 6, 2, 9, 4, 0]	237.04	True
[2, 4, 7, 8]	[0, 4, 8, 2, 7, 0]	231.35	[0, 4, 8, 2, 7, 0]	231.35	True
[2, 4, 7, 9]	[0, 4, 9, 2, 7, 0]	226.45	[0, 4, 9, 2, 7, 0]	226.45	True
[2, 4, 8, 9]	[0, 4, 9, 8, 2, 0]	223.4	[0, 4, 2, 8, 9, 0]	221.58	False
[2, 5, 6, 7]	[0, 5, 7, 6, 2, 0]	191.54	[0, 2, 6, 7, 5, 0]	191.54	True
[2, 5, 6, 8]	[0, 5, 6, 2, 8, 0]	241.79	[0, 5, 6, 2, 8, 0]	241.79	True
[2, 5, 6, 9]	[0, 5, 6, 2, 9, 0]	234.68	[0, 5, 6, 2, 9, 0]	234.68	True
[2, 5, 7, 8]	[0, 5, 7, 2, 8, 0]	233.1	[0, 8, 2, 7, 5, 0]	233.1	True
[2, 5, 7, 9]	[0, 5, 7, 2, 9, 0]	225.99	[0, 5, 7, 2, 9, 0]	225.99	True
[2, 5, 8, 9]	[0, 5, 2, 8, 9, 0]	227.7	[0, 5, 2, 8, 9, 0]	227.7	True
[2, 6, 7, 8]	[0, 7, 6, 2, 8, 0]	245.33	[0, 8, 2, 6, 7, 0]	245.33	True
[2, 6, 7, 9]	[0, 7, 6, 2, 9, 0]	238.22	[0, 7, 6, 2, 9, 0]	238.22	True
[2, 6, 8, 9]	[0, 6, 2, 8, 9, 0]	253.6	[0, 6, 2, 8, 9, 0]	253.6	True
[2, 7, 8, 9]	[0, 7, 2, 8, 9, 0]	243.01	[0, 7, 2, 8, 9, 0]	243.01	True
[3, 4, 5, 6]	[0, 4, 3, 6, 5, 0]	169.2	[0, 5, 6, 3, 4, 0]	169.2	True
[3, 4, 5, 7]	[0, 4, 3, 7, 5, 0]	136.44	[0, 4, 3, 7, 5, 0]	136.44	True
[3, 4, 5, 8]	[0, 4, 3, 8, 5, 0]	212.36	[0, 5, 8, 3, 4, 0]	212.36	True
[3, 4, 5, 9]	[0, 4, 9, 3, 5, 0]	192.4	[0, 5, 3, 9, 4, 0]	192.4	True
[3, 4, 6, 7]	[0, 4, 3, 6, 7, 0]	172.74	[0, 4, 3, 6, 7, 0]	172.74	True
[3, 4, 6, 8]	[0, 4, 3, 8, 6, 0]	240.75	[0, 4, 3, 8, 6, 0]	240.75	True
[3, 4, 6, 9]	[0, 4, 3, 9, 6, 0]	238.15	[0, 4, 3, 9, 6, 0]	238.15	True
[3, 4, 7, 8]	[0, 4, 3, 8, 7, 0]	230.73	[0, 4, 3, 8, 7, 0]	230.73	True
[3, 4, 7, 9]	[0, 4, 3, 9, 7, 0]	217.91	[0, 4, 3, 9, 7, 0]	217.91	True
[3, 4, 8, 9]	[0, 4, 3, 8, 9, 0]	210.69	[0, 9, 8, 3, 4, 0]	210.69	True
[3, 5, 6, 7]	[0, 5, 7, 6, 3, 0]	174.65	[0, 3, 6, 7, 5, 0]	174.65	True
[3, 5, 6, 8]	[0, 5, 6, 8, 3, 0]	240.76	[0, 5, 6, 8, 3, 0]	240.76	True
[3, 5, 6, 9]	[0, 5, 6, 9, 3, 0]	238.16	[0, 3, 9, 6, 5, 0]	238.16	True
[3, 5, 7, 8]	[0, 5, 7, 8, 3, 0]	232.64	[0, 5, 7, 8, 3, 0]	232.64	True
[3, 5, 7, 9]	[0, 5, 7, 9, 3, 0]	219.82	[0, 3, 9, 7, 5, 0]	219.82	True
[3, 5, 8, 9]	[0, 5, 8, 9, 3, 0]	228.54	[0, 3, 9, 8, 5, 0]	228.54	True
[3, 6, 7, 8]	[0, 7, 6, 8, 3, 0]	244.3	[0, 3, 8, 6, 7, 0]	244.3	True
[3, 6, 7, 9]	[0, 7, 6, 9, 3, 0]	241.7	[0, 3, 9, 6, 7, 0]	241.7	True
[3, 6, 8, 9]	[0, 6, 8, 9, 3, 0]	256.93	[0, 3, 9, 8, 6, 0]	256.93	True
[3, 7, 8, 9]	[0, 7, 8, 9, 3, 0]	246.91	[0, 3, 9, 8, 7, 0]	246.91	True
[4, 5, 6, 7]	[0, 5, 7, 6, 4, 0]	165.45	[0, 5, 7, 6, 4, 0]	165.45	True
[4, 5, 6, 8]	[0, 5, 6, 8, 4, 0]	240.76	[0, 5, 6, 8, 4, 0]	240.76	True
[4, 5, 6, 9]	[0, 5, 6, 9, 4, 0]	236.02	[0, 5, 6, 9, 4, 0]	236.02	True
[4, 5, 7, 8]	[0, 8, 7, 5, 4, 0]	244.42	[0, 4, 8, 7, 5, 0]	232.64	False
[4, 5, 7, 9]	[0, 7, 5, 9, 4, 0]	223.76	[0, 5, 7, 9, 4, 0]	217.68	False
[4, 5, 8, 9]	[0, 5, 8, 9, 4, 0]	226.39	[0, 4, 9, 8, 5, 0]	226.39	True
[4, 6, 7, 8]	[0, 7, 6, 8, 4, 0]	244.3	[0, 4, 8, 6, 7, 0]	244.3	True
[4, 6, 7, 9]	[0, 7, 6, 9, 4, 0]	239.56	[0, 4, 9, 6, 7, 0]	239.56	True
[4, 6, 8, 9]	[0, 6, 8, 9, 4, 0]	254.78	[0, 6, 8, 9, 4, 0]	254.78	True
[4, 7, 8, 9]	[0, 7, 8, 9, 4, 0]	244.76	[0, 4, 9, 8, 7, 0]	244.76	True
[5, 6, 7, 8]	[0, 7, 6, 8, 5, 0]	257.63	[0, 5, 7, 6, 8, 0]	246.05	False
[5, 6, 7, 9]	[0, 7, 6, 9, 5, 0]	260.52	[0, 5, 7, 6, 9, 0]	239.1	False
[5, 6, 8, 9]	[0, 9, 8, 6, 5, 0]	252.42	[0, 5, 6, 8, 9, 0]	252.42	True
[5, 7, 8, 9]	[0, 9, 8, 7, 5, 0]	244.3	[0, 5, 7, 8, 9, 0]	244.3	True
[6, 7, 8, 9]	[0, 7, 6, 8, 9, 0]	255.96	[0, 9, 8, 6, 7, 0]	255.96	True
[1, 2, 3, 4, 5]	[0, 4, 3, 2, 1, 5, 0]	165.43	[0, 5, 1, 2, 3, 4, 0]	165.43	True
[1, 2, 3, 4, 6]	[0, 4, 3, 2, 6, 1, 0]	188.44	[0, 1, 6, 2, 3, 4, 0]	188.44	True
[1, 2, 3, 4, 7]	[0, 4, 3, 2, 1, 7, 0]	178.11	[0, 4, 3, 2, 1, 7, 0]	178.11	True
[1, 2, 3, 4, 8]	[0, 4, 3, 8, 2, 1, 0]	218.72	[0, 1, 2, 8, 3, 4, 0]	218.72	True
[1, 2, 3, 4, 9]	[0, 4, 3, 9, 2, 1, 0]	215.97	[0, 1, 2, 9, 3, 4, 0]	215.97	True
[1, 2, 3, 5, 6]	[0, 3, 2, 6, 1, 5, 0]	188.99	[0, 3, 2, 6, 1, 5, 0]	188.99	True
[1, 2, 3, 5, 7]	[0, 3, 2, 1, 7, 5, 0]	180.02	[0, 3, 2, 1, 7, 5, 0]	180.02	True
[1, 2, 3, 5, 8]	[0, 3, 8, 2, 1, 5, 0]	219.27	[0, 5, 1, 2, 8, 3, 0]	219.27	True
[1, 2, 3, 5, 9]	[0, 3, 9, 2, 1, 5, 0]	216.52	[0, 3, 9, 2, 1, 5, 0]	216.52	True
[1, 2, 3, 6, 7]	[0, 3, 2, 6, 1, 7, 0]	201.67	[0, 3, 2, 6, 1, 7, 0]	201.67	True
[1, 2, 3, 6, 8]	[0, 3, 8, 2, 6, 1, 0]	242.28	[0, 1, 6, 2, 8, 3, 0]	242.28	True
[1, 2, 3, 6, 9]	[0, 3, 9, 2, 6, 1, 0]	239.53	[0, 3, 9, 2, 6, 1, 0]	239.53	True
[1, 2, 3, 7, 8]	[0, 3, 8, 2, 1, 7, 0]	231.95	[0, 3, 8, 2, 1, 7, 0]	231.95	True
[1, 2, 3, 7, 9]	[0, 3, 9, 2, 1, 7, 0]	229.19	[0, 3, 9, 2, 1, 7, 0]	229.19	True
[1, 2, 3, 8, 9]	[0, 3, 9, 8, 2, 1, 0]	234.9	[0, 3, 9, 8, 2, 1, 0]	234.9	True
[1, 2, 4, 5, 6]	[0, 4, 2, 6, 1, 5, 0]	187.52	[0, 5, 1, 6, 2, 4, 0]	187.52	True
[1, 2, 4, 5, 7]	[0, 4, 2, 1, 7, 5, 0]	178.55	[0, 5, 7, 1, 2, 4, 0]	178.55	True
[1, 2, 4, 5, 8]	[0, 4, 8, 2, 1, 5, 0]	219.27	[0, 5, 1, 2, 8, 4, 0]	219.27	True
[1, 2, 4, 5, 9]	[0, 4, 9, 2, 1, 5, 0]	214.37	[0, 4, 9, 2, 1, 5, 0]	214.37	True
[1, 2, 4, 6, 7]	[0, 4, 2, 6, 1, 7, 0]	200.2	[0, 4, 2, 6, 1, 7, 0]	200.2	True
[1, 2, 4, 6, 8]	[0, 4, 8, 2, 6, 1, 0]	242.28	[0, 1, 6, 2, 8, 4, 0]	242.28	True
[1, 2, 4, 6, 9]	[0, 4, 9, 2, 6, 1, 0]	237.38	[0, 1, 6, 2, 9, 4, 0]	237.38	True
[1, 2, 4, 7, 8]	[0, 4, 8, 2, 1, 7, 0]	231.95	[0, 4, 8, 2, 1, 7, 0]	231.95	True
[1, 2, 4, 7, 9]	[0, 4, 9, 2, 1, 7, 0]	227.05	[0, 4, 9, 2, 1, 7, 0]	227.05	True
[1, 2, 4, 8, 9]	[0, 4, 9, 8, 2, 1, 0]	232.76	[0, 1, 2, 8, 9, 4, 0]	232.76	True
[1, 2, 5, 6, 7]	[0, 2, 6, 1, 7, 5, 0]	201.55	[0, 5, 1, 2, 6, 7, 0]	199.53	False
[1, 2, 5, 6, 8]	[0, 8, 2, 6, 1, 5, 0]	242.67	[0, 5, 1, 6, 2, 8, 0]	242.67	True
[1, 2, 5, 6, 9]	[0, 9, 2, 6, 1, 5, 0]	235.56	[0, 5, 1, 6, 2, 9, 0]	235.56	True
[1, 2, 5, 7, 8]	[0, 8, 2, 1, 7, 5, 0]	233.7	[0, 5, 7, 1, 2, 8, 0]	233.7	True
[1, 2, 5, 7, 9]	[0, 9, 2, 1, 7, 5, 0]	226.59	[0, 5, 7, 1, 2, 9, 0]	226.59	True
[1, 2, 5, 8, 9]	[0, 9, 8, 2, 1, 5, 0]	230.93	[0, 5, 1, 2, 8, 9, 0]	230.93	True
[1, 2, 6, 7, 8]	[0, 8, 2, 6, 1, 7, 0]	255.34	[0, 7, 1, 6, 2, 8, 0]	255.34	True
[1, 2, 6, 7, 9]	[0, 9, 2, 6, 1, 7, 0]	248.23	[0, 9, 2, 6, 1, 7, 0]	248.23	True
[1, 2, 6, 8, 9]	[0, 9, 8, 2, 6, 1, 0]	253.94	[0, 1, 6, 2, 8, 9, 0]	253.94	True
[1, 2, 7, 8, 9]	[0, 9, 8, 2, 1, 7, 0]	243.61	[0, 9, 8, 2, 1, 7, 0]	243.61	True
[1, 3, 4, 5, 6]	[0, 4, 3, 6, 1, 5, 0]	170.08	[0, 5, 1, 6, 3, 4, 0]	170.08	True
[1, 3, 4, 5, 7]	[0, 4, 3, 1, 7, 5, 0]	140.08	[0, 4, 3, 1, 7, 5, 0]	140.08	True
[1, 3, 4, 5, 8]	[0, 4, 3, 8, 1, 5, 0]	218.21	[0, 4, 3, 8, 1, 5, 0]	218.21	True
[1, 3, 4, 5, 9]	[0, 4, 3, 9, 1, 5, 0]	205.71	[0, 4, 3, 9, 1, 5, 0]	205.71	True
[1, 3, 4, 6, 7]	[0, 4, 3, 6, 1, 7, 0]	182.75	[0, 4, 3, 1, 6, 7, 0]	176.49	False
[1, 3, 4, 6, 8]	[0, 4, 3, 8, 6, 1, 0]	241.09	[0, 1, 6, 8, 3, 4, 0]	241.09	True
[1, 3, 4, 6, 9]	[0, 4, 3, 9, 6, 1, 0]	238.49	[0, 1, 6, 9, 3, 4, 0]	238.49	True
[1, 3, 4, 7, 8]	[0, 4, 3, 8, 1, 7, 0]	230.88	[0, 4, 3, 8, 1, 7, 0]	230.88	True
[1, 3, 4, 7, 9]	[0, 4, 3, 9, 1, 7, 0]	218.38	[0, 4, 3, 9, 1, 7, 0]	218.38	True
[1, 3, 4, 8, 9]	[0, 4, 3, 9, 8, 1, 0]	233.84	[0, 1, 8, 9, 3, 4, 0]	233.84	True
[1, 3, 5, 6, 7]	[0, 3, 6, 1, 7, 5, 0]	184.67	[0, 5, 7, 6, 1, 3, 0]	178.4	False
[1, 3, 5, 6, 8]	[0, 3, 8, 6, 1, 5, 0]	241.64	[0, 3, 8, 6, 1, 5, 0]	241.64	True
[1, 3, 5, 6, 9]	[0, 3, 9, 6, 1, 5, 0]	239.04	[0, 3, 9, 6, 1, 5, 0]	239.04	True
[1, 3, 5, 7, 8]	[0, 3, 8, 1, 7, 5, 0]	232.8	[0, 5, 7, 1, 8, 3, 0]	232.8	True
[1, 3, 5, 7, 9]	[0, 3, 9, 1, 7, 5, 0]	220.3	[0, 3, 9, 1, 7, 5, 0]	220.3	True
[1, 3, 5, 8, 9]	[0, 3, 9, 8, 1, 5, 0]	234.38	[0, 5, 1, 8, 9, 3, 0]	234.38	True
[1, 3, 6, 7, 8]	[0, 3, 8, 6, 1, 7, 0]	254.32	[0, 7, 1, 6, 8, 3, 0]	254.32	True
[1, 3, 6, 7, 9]	[0, 3, 9, 6, 1, 7, 0]	251.71	[0, 3, 9, 6, 1, 7, 0]	251.71	True
[1, 3, 6, 8, 9]	[0, 3, 9, 8, 6, 1, 0]	257.27	[0, 1, 6, 8, 9, 3, 0]	257.27	True
[1, 3, 7, 8, 9]	[0, 3, 9, 8, 1, 7, 0]	247.06	[0, 3, 9, 8, 1, 7, 0]	247.06	True
[1, 4, 5, 6, 7]	[0, 4, 1, 6, 7, 5, 0]	165.77	[0, 5, 7, 6, 1, 4, 0]	165.77	True
[1, 4, 5, 6, 8]	[0, 4, 1, 6, 8, 5, 0]	260.96	[0, 4, 8, 6, 1, 5, 0]	241.64	False
[1, 4, 5, 6, 9]	[0, 4, 9, 1, 6, 5, 0]	251.02	[0, 4, 9, 6, 1, 5, 0]	236.89	False
[1, 4, 5, 7, 8]	[0, 4, 8, 1, 7, 5, 0]	232.8	[0, 4, 8, 1, 7, 5, 0]	232.8	True
[1, 4, 5, 7, 9]	[0, 4, 9, 1, 7, 5, 0]	218.15	[0, 5, 7, 1, 9, 4, 0]	218.15	True
[1, 4, 5, 8, 9]	[0, 4, 9, 8, 1, 5, 0]	232.24	[0, 4, 9, 8, 1, 5, 0]	232.24	True
[1, 4, 6, 7, 8]	[0, 4, 8, 1, 6, 7, 0]	269.2	[0, 7, 1, 6, 8, 4, 0]	254.31	False
[1, 4, 6, 7, 9]	[0, 4, 9, 1, 6, 7, 0]	254.56	[0, 7, 1, 6, 9, 4, 0]	249.57	False
[1, 4, 6, 8, 9]	[0, 4, 1, 6, 8, 9, 0]	259.29	[0, 1, 6, 8, 9, 4, 0]	255.12	False
[1, 4, 7, 8, 9]	[0, 4, 9, 8, 1, 7, 0]	244.92	[0, 4, 9, 8, 1, 7, 0]	244.92	True
[1, 5, 6, 7, 8]	[0, 5, 7, 6, 8, 1, 0]	264.84	[0, 5, 7, 1, 6, 8, 0]	256.07	False
[1, 5, 6, 7, 9]	[0, 5, 7, 6, 1, 9, 0]	254.1	[0, 9, 6, 1, 7, 5, 0]	249.11	False
[1, 5, 6, 8, 9]	[0, 5, 9, 8, 6, 1, 0]	276.09	[0, 5, 1, 6, 8, 9, 0]	253.3	False
[1, 5, 7, 8, 9]	[0, 5, 9, 8, 1, 7, 0]	265.88	[0, 5, 7, 1, 8, 9, 0]	244.46	False
[1, 6, 7, 8, 9]	[0, 7, 6, 8, 9, 1, 0]	290.75	[0, 7, 1, 6, 8, 9, 0]	265.98	False
[2, 3, 4, 5, 6]	[0, 4, 3, 2, 6, 5, 0]	188.15	[0, 5, 6, 2, 3, 4, 0]	188.15	True
[2, 3, 4, 5, 7]	[0, 4, 3, 2, 7, 5, 0]	179.46	[0, 5, 7, 2, 3, 4, 0]	179.46	True
[2, 3, 4, 5, 8]	[0, 4, 3, 8, 2, 5, 0]	216.08	[0, 4, 3, 8, 2, 5, 0]	216.08	True
[2, 3, 4, 5, 9]	[0, 4, 3, 9, 2, 5, 0]	213.33	[0, 4, 3, 9, 2, 5, 0]	213.33	True
[2, 3, 4, 6, 7]	[0, 4, 3, 2, 6, 7, 0]	191.69	[0, 4, 3, 2, 6, 7, 0]	191.69	True
[2, 3, 4, 6, 8]	[0, 4, 3, 8, 2, 6, 0]	241.97	[0, 4, 3, 8, 2, 6, 0]	241.97	True
[2, 3, 4, 6, 9]	[0, 4, 3, 9, 2, 6, 0]	239.22	[0, 4, 3, 9, 2, 6, 0]	239.22	True
[2, 3, 4, 7, 8]	[0, 4, 3, 8, 2, 7, 0]	231.39	[0, 4, 3, 8, 2, 7, 0]	231.39	True
[2, 3, 4, 7, 9]	[0, 4, 3, 9, 2, 7, 0]	228.63	[0, 4, 3, 9, 2, 7, 0]	228.63	True
[2, 3, 4, 8, 9]	[0, 4, 3, 9, 8, 2, 0]	225.58	[0, 9, 8, 2, 3, 4, 0]	223.09	False
[2, 3, 5, 6, 7]	[0, 3, 2, 6, 7, 5, 0]	193.6	[0, 3, 2, 6, 7, 5, 0]	193.6	True
[2, 3, 5, 6, 8]	[0, 3, 8, 2, 6, 5, 0]	241.99	[0, 5, 6, 2, 8, 3, 0]	241.99	True
[2, 3, 5, 6, 9]	[0, 3, 9, 2, 6, 5, 0]	239.23	[0, 3, 9, 2, 6, 5, 0]	239.23	True
[2, 3, 5, 7, 8]	[0, 3, 8, 2, 7, 5, 0]	233.3	[0, 5, 7, 2, 8, 3, 0]	233.3	True
[2, 3, 5, 7, 9]	[0, 3, 9, 2, 7, 5, 0]	230.54	[0, 3, 9, 2, 7, 5, 0]	230.54	True
[2, 3, 5, 8, 9]	[0, 3, 9, 8, 2, 5, 0]	232.26	[0, 5, 2, 8, 9, 3, 0]	232.26	True
[2, 3, 6, 7, 8]	[0, 3, 8, 2, 6, 7, 0]	245.53	[0, 3, 8, 2, 6, 7, 0]	245.53	True
[2, 3, 6, 7, 9]	[0, 3, 9, 2, 6, 7, 0]	242.77	[0, 3, 9, 2, 6, 7, 0]	242.77	True
[2, 3, 6, 8, 9]	[0, 3, 9, 8, 2, 6, 0]	258.15	[0, 3, 9, 8, 2, 6, 0]	258.15	True
[2, 3, 7, 8, 9]	[0, 3, 9, 8, 2, 7, 0]	247.56	[0, 3, 9, 8, 2, 7, 0]	247.56	True
[2, 4, 5, 6, 7]	[0, 4, 2, 6, 7, 5, 0]	192.13	[0, 5, 7, 6, 2, 4, 0]	192.13	True
[2, 4, 5, 6, 8]	[0, 4, 8, 2, 6, 5, 0]	241.99	[0, 5, 6, 2, 8, 4, 0]	241.99	True
[2, 4, 5, 6, 9]	[0, 4, 9, 2, 6, 5, 0]	237.09	[0, 5, 6, 2, 9, 4, 0]	237.09	True
[2, 4, 5, 7, 8]	[0, 4, 8, 2, 7, 5, 0]	233.3	[0, 4, 8, 2, 7, 5, 0]	233.3	True
[2, 4, 5, 7, 9]	[0, 4, 9, 2, 7, 5, 0]	228.4	[0, 4, 9, 2, 7, 5, 0]	228.4	True
[2, 4, 5, 8, 9]	[0, 4, 9, 8, 2, 5, 0]	230.11	[0, 5, 2, 8, 9, 4, 0]	230.11	True
[2, 4, 6, 7, 8]	[0, 4, 8, 2, 6, 7, 0]	245.53	[0, 4, 8, 2, 6, 7, 0]	245.53	True
[2, 4, 6, 7, 9]	[0, 4, 9, 2, 6, 7, 0]	240.63	[0, 4, 9, 2, 6, 7, 0]	240.63	True
[2, 4, 6, 8, 9]	[0, 4, 9, 8, 2, 6, 0]	256.01	[0, 4, 9, 8, 2, 6, 0]	256.01	True
[2, 4, 7, 8, 9]	[0, 4, 9, 8, 2, 7, 0]	245.42	[0, 4, 9, 8, 2, 7, 0]	245.42	True
[2, 5, 6, 7, 8]	[0, 5, 7, 6, 2, 8, 0]	247.28	[0, 5, 7, 6, 2, 8, 0]	247.28	True
[2, 5, 6, 7, 9]	[0, 5, 7, 6, 2, 9, 0]	240.17	[0, 5, 7, 6, 2, 9, 0]	240.17	True
[2, 5, 6, 8, 9]	[0, 5, 6, 2, 8, 9, 0]	253.65	[0, 5, 6, 2, 8, 9, 0]	253.65	True
[2, 5, 7, 8, 9]	[0, 5, 7, 2, 8, 9, 0]	244.96	[0, 5, 7, 2, 8, 9, 0]	244.96	True
[2, 6, 7, 8, 9]	[0, 7, 6, 2, 8, 9, 0]	257.19	[0, 7, 6, 2, 8, 9, 0]	257.19	True
[3, 4, 5, 6, 7]	[0, 4, 3, 6, 7, 5, 0]	174.69	[0, 5, 7, 6, 3, 4, 0]	174.69	True
[3, 4, 5, 6, 8]	[0, 4, 3, 8, 6, 5, 0]	240.8	[0, 4, 3, 8, 6, 5, 0]	240.8	True
[3, 4, 5, 6, 9]	[0, 4, 3, 9, 6, 5, 0]	238.2	[0, 4, 3, 9, 6, 5, 0]	238.2	True
[3, 4, 5, 7, 8]	[0, 4, 3, 8, 7, 5, 0]	232.68	[0, 4, 3, 8, 7, 5, 0]	232.68	True
[3, 4, 5, 7, 9]	[0, 4, 3, 9, 7, 5, 0]	219.86	[0, 4, 3, 9, 7, 5, 0]	219.86	True
[3, 4, 5, 8, 9]	[0, 4, 3, 9, 8, 5, 0]	228.57	[0, 4, 3, 9, 8, 5, 0]	228.57	True
[3, 4, 6, 7, 8]	[0, 4, 3, 8, 6, 7, 0]	244.34	[0, 4, 3, 8, 6, 7, 0]	244.34	True
[3, 4, 6, 7, 9]	[0, 4, 3, 9, 6, 7, 0]	241.74	[0, 4, 3, 9, 6, 7, 0]	241.74	True
[3, 4, 6, 8, 9]	[0, 4, 3, 9, 8, 6, 0]	256.96	[0, 4, 3, 9, 8, 6, 0]	256.96	True
[3, 4, 7, 8, 9]	[0, 4, 3, 9, 8, 7, 0]	246.94	[0, 4, 3, 9, 8, 7, 0]	246.94	True
[3, 5, 6, 7, 8]	[0, 5, 7, 6, 8, 3, 0]	246.25	[0, 5, 7, 6, 8, 3, 0]	246.25	True
[3, 5, 6, 7, 9]	[0, 5, 7, 6, 9, 3, 0]	243.65	[0, 3, 9, 6, 7, 5, 0]	243.65	True
[3, 5, 6, 8, 9]	[0, 5, 6, 8, 9, 3, 0]	256.98	[0, 3, 9, 8, 6, 5, 0]	256.98	True
[3, 5, 7, 8, 9]	[0, 5, 7, 8, 9, 3, 0]	248.86	[0, 3, 9, 8, 7, 5, 0]	248.86	True
[3, 6, 7, 8, 9]	[0, 7, 6, 8, 9, 3, 0]	260.52	[0, 3, 9, 8, 6, 7, 0]	260.52	True
[4, 5, 6, 7, 8]	[0, 5, 7, 6, 8, 4, 0]	246.25	[0, 5, 7, 6, 8, 4, 0]	246.25	True
[4, 5, 6, 7, 9]	[0, 5, 7, 6, 9, 4, 0]	241.51	[0, 5, 7, 6, 9, 4, 0]	241.51	True
[4, 5, 6, 8, 9]	[0, 5, 6, 8, 9, 4, 0]	254.83	[0, 5, 6, 8, 9, 4, 0]	254.83	True
[4, 5, 7, 8, 9]	[0, 9, 8, 7, 5, 4, 0]	256.28	[0, 4, 9, 8, 7, 5, 0]	246.71	False
[4, 6, 7, 8, 9]	[0, 7, 6, 8, 9, 4, 0]	258.37	[0, 4, 9, 8, 6, 7, 0]	258.37	True
[5, 6, 7, 8, 9]	[0, 7, 6, 8, 9, 5, 0]	279.34	[0, 5, 7, 6, 8, 9, 0]	257.91	False
[1, 2, 3, 4, 5, 6]	[0, 4, 3, 2, 6, 1, 5, 0]	189.03	[0, 5, 1, 6, 2, 3, 4, 0]	189.03	True
[1, 2, 3, 4, 5, 7]	[0, 4, 3, 2, 1, 7, 5, 0]	180.06	[0, 4, 3, 2, 1, 7, 5, 0]	180.06	True
[1, 2, 3, 4, 5, 8]	[0, 4, 3, 8, 2, 1, 5, 0]	219.31	[0, 4, 3, 8, 2, 1, 5, 0]	219.31	True
[1, 2, 3, 4, 5, 9]	[0, 4, 3, 9, 2, 1, 5, 0]	216.55	[0, 4, 3, 9, 2, 1, 5, 0]	216.55	True
[1, 2, 3, 4, 6, 7]	[0, 4, 3, 2, 6, 1, 7, 0]	201.7	[0, 4, 3, 2, 6, 1, 7, 0]	201.7	True
[1, 2, 3, 4, 6, 8]	[0, 4, 3, 8, 2, 6, 1, 0]	242.32	[0, 1, 6, 2, 8, 3, 4, 0]	242.32	True
[1, 2, 3, 4, 6, 9]	[0, 4, 3, 9, 2, 6, 1, 0]	239.56	[0, 4, 3, 9, 2, 6, 1, 0]	239.56	True
[1, 2, 3, 4, 7, 8]	[0, 4, 3, 8, 2, 1, 7, 0]	231.98	[0, 4, 3, 8, 2, 1, 7, 0]	231.98	True
[1, 2, 3, 4, 7, 9]	[0, 4, 3, 9, 2, 1, 7, 0]	229.23	[0, 4, 3, 9, 2, 1, 7, 0]	229.23	True
[1, 2, 3, 4, 8, 9]	[0, 4, 3, 9, 8, 2, 1, 0]	234.94	[0, 1, 2, 8, 9, 3, 4, 0]	234.94	True
[1, 2, 3, 5, 6, 7]	[0, 3, 2, 6, 1, 7, 5, 0]	203.62	[0, 3, 2, 6, 1, 7, 5, 0]	203.62	True
[1, 2, 3, 5, 6, 8]	[0, 3, 8, 2, 6, 1, 5, 0]	242.86	[0, 3, 8, 2, 6, 1, 5, 0]	242.86	True
[1, 2, 3, 5, 6, 9]	[0, 3, 9, 2, 6, 1, 5, 0]	240.11	[0, 3, 9, 2, 6, 1, 5, 0]	240.11	True
[1, 2, 3, 5, 7, 8]	[0, 3, 8, 2, 1, 7, 5, 0]	233.9	[0, 5, 7, 1, 2, 8, 3, 0]	233.9	True
[1, 2, 3, 5, 7, 9]	[0, 3, 9, 2, 1, 7, 5, 0]	231.14	[0, 3, 9, 2, 1, 7, 5, 0]	231.14	True
[1, 2, 3, 5, 8, 9]	[0, 3, 9, 8, 2, 1, 5, 0]	235.49	[0, 3, 9, 8, 2, 1, 5, 0]	235.49	True
[1, 2, 3, 6, 7, 8]	[0, 3, 8, 2, 6, 1, 7, 0]	255.54	[0, 3, 8, 2, 6, 1, 7, 0]	255.54	True
[1, 2, 3, 6, 7, 9]	[0, 3, 9, 2, 6, 1, 7, 0]	252.79	[0, 3, 9, 2, 6, 1, 7, 0]	252.79	True
[1, 2, 3, 6, 8, 9]	[0, 3, 9, 8, 2, 6, 1, 0]	258.5	[0, 1, 6, 2, 8, 9, 3, 0]	258.5	True
[1, 2, 3, 7, 8, 9]	[0, 3, 9, 8, 2, 1, 7, 0]	248.16	[0, 3, 9, 8, 2, 1, 7, 0]	248.16	True
[1, 2, 4, 5, 6, 7]	[0, 4, 2, 6, 1, 7, 5, 0]	202.15	[0, 5, 7, 1, 6, 2, 4, 0]	202.15	True
[1, 2, 4, 5, 6, 8]	[0, 4, 8, 2, 6, 1, 5, 0]	242.86	[0, 4, 8, 2, 6, 1, 5, 0]	242.86	True
[1, 2, 4, 5, 6, 9]	[0, 4, 9, 2, 6, 1, 5, 0]	237.96	[0, 4, 9, 2, 6, 1, 5, 0]	237.96	True
[1, 2, 4, 5, 7, 8]	[0, 4, 8, 2, 1, 7, 5, 0]	233.9	[0, 5, 7, 1, 2, 8, 4, 0]	233.9	True
[1, 2, 4, 5, 7, 9]	[0, 4, 9, 2, 1, 7, 5, 0]	229.0	[0, 4, 9, 2, 1, 7, 5, 0]	229.0	True
[1, 2, 4, 5, 8, 9]	[0, 4, 9, 8, 2, 1, 5, 0]	233.34	[0, 5, 1, 2, 8, 9, 4, 0]	233.34	True
[1, 2, 4, 6, 7, 8]	[0, 4, 8, 2, 6, 1, 7, 0]	255.54	[0, 4, 8, 2, 6, 1, 7, 0]	255.54	True
[1, 2, 4, 6, 7, 9]	[0, 4, 9, 2, 6, 1, 7, 0]	250.64	[0, 4, 9, 2, 6, 1, 7, 0]	250.64	True
[1, 2, 4, 6, 8, 9]	[0, 4, 9, 8, 2, 6, 1, 0]	256.35	[0, 4, 9, 8, 2, 6, 1, 0]	256.35	True
[1, 2, 4, 7, 8, 9]	[0, 4, 9, 8, 2, 1, 7, 0]	246.02	[0, 4, 9, 8, 2, 1, 7, 0]	246.02	True
[1, 2, 5, 6, 7, 8]	[0, 8, 2, 6, 1, 7, 5, 0]	257.29	[0, 5, 7, 1, 6, 2, 8, 0]	257.29	True
[1, 2, 5, 6, 7, 9]	[0, 9, 2, 6, 1, 7, 5, 0]	250.18	[0, 5, 7, 1, 6, 2, 9, 0]	250.18	True
[1, 2, 5, 6, 8, 9]	[0, 9, 8, 2, 6, 1, 5, 0]	254.53	[0, 5, 1, 6, 2, 8, 9, 0]	254.53	True
[1, 2, 5, 7, 8, 9]	[0, 9, 8, 2, 1, 7, 5, 0]	245.56	[0, 5, 7, 1, 2, 8, 9, 0]	245.56	True
[1, 2, 6, 7, 8, 9]	[0, 9, 8, 2, 6, 1, 7, 0]	267.2	[0, 7, 1, 6, 2, 8, 9, 0]	267.2	True
[1, 3, 4, 5, 6, 7]	[0, 4, 3, 6, 1, 7, 5, 0]	184.7	[0, 5, 7, 6, 1, 3, 4, 0]	178.44	False
[1, 3, 4, 5, 6, 8]	[0, 4, 3, 8, 6, 1, 5, 0]	241.68	[0, 4, 3, 8, 6, 1, 5, 0]	241.68	True
[1, 3, 4, 5, 6, 9]	[0, 4, 3, 9, 6, 1, 5, 0]	239.07	[0, 4, 3, 9, 6, 1, 5, 0]	239.07	True
[1, 3, 4, 5, 7, 8]	[0, 4, 3, 8, 1, 7, 5, 0]	232.83	[0, 4, 3, 8, 1, 7, 5, 0]	232.83	True
[1, 3, 4, 5, 7, 9]	[0, 4, 3, 9, 1, 7, 5, 0]	220.33	[0, 4, 3, 9, 1, 7, 5, 0]	220.33	True
[1, 3, 4, 5, 8, 9]	[0, 4, 3, 9, 8, 1, 5, 0]	234.42	[0, 5, 1, 8, 9, 3, 4, 0]	234.42	True
[1, 3, 4, 6, 7, 8]	[0, 4, 3, 8, 6, 1, 7, 0]	254.35	[0, 4, 3, 8, 6, 1, 7, 0]	254.35	True
[1, 3, 4, 6, 7, 9]	[0, 4, 3, 9, 6, 1, 7, 0]	251.75	[0, 4, 3, 9, 6, 1, 7, 0]	251.75	True
[1, 3, 4, 6, 8, 9]	[0, 4, 3, 9, 8, 6, 1, 0]	257.31	[0, 1, 6, 8, 9, 3, 4, 0]	257.31	True
[1, 3, 4, 7, 8, 9]	[0, 4, 3, 9, 8, 1, 7, 0]	247.1	[0, 4, 3, 9, 8, 1, 7, 0]	247.1	True
[1, 3, 5, 6, 7, 8]	[0, 3, 8, 6, 1, 7, 5, 0]	256.27	[0, 3, 8, 6, 1, 7, 5, 0]	256.27	True
[1, 3, 5, 6, 7, 9]	[0, 3, 9, 6, 1, 7, 5, 0]	253.67	[0, 3, 9, 6, 1, 7, 5, 0]	253.67	True
[1, 3, 5, 6, 8, 9]	[0, 3, 9, 8, 6, 1, 5, 0]	257.85	[0, 3, 9, 8, 6, 1, 5, 0]	257.85	True
[1, 3, 5, 7, 8, 9]	[0, 3, 9, 8, 1, 7, 5, 0]	249.01	[0, 3, 9, 8, 1, 7, 5, 0]	249.01	True
[1, 3, 6, 7, 8, 9]	[0, 3, 9, 8, 6, 1, 7, 0]	270.53	[0, 3, 9, 8, 6, 1, 7, 0]	270.53	True
[1, 4, 5, 6, 7, 8]	[0, 4, 8, 1, 6, 7, 5, 0]	271.15	[0, 4, 8, 6, 1, 7, 5, 0]	256.27	False
[1, 4, 5, 6, 7, 9]	[0, 4, 9, 1, 6, 7, 5, 0]	256.51	[0, 4, 9, 6, 1, 7, 5, 0]	251.52	False
[1, 4, 5, 6, 8, 9]	[0, 4, 1, 6, 8, 9, 5, 0]	282.67	[0, 4, 9, 8, 6, 1, 5, 0]	255.71	False
[1, 4, 5, 7, 8, 9]	[0, 4, 9, 8, 1, 7, 5, 0]	246.87	[0, 4, 9, 8, 1, 7, 5, 0]	246.87	True
[1, 4, 6, 7, 8, 9]	[0, 4, 9, 8, 1, 6, 7, 0]	283.28	[0, 4, 9, 8, 6, 1, 7, 0]	268.39	False
[1, 5, 6, 7, 8, 9]	[0, 5, 7, 6, 8, 9, 1, 0]	292.7	[0, 5, 7, 1, 6, 8, 9, 0]	267.93	False
[2, 3, 4, 5, 6, 7]	[0, 4, 3, 2, 6, 7, 5, 0]	193.64	[0, 4, 3, 2, 6, 7, 5, 0]	193.64	True
[2, 3, 4, 5, 6, 8]	[0, 4, 3, 8, 2, 6, 5, 0]	242.03	[0, 4, 3, 8, 2, 6, 5, 0]	242.03	True
[2, 3, 4, 5, 6, 9]	[0, 4, 3, 9, 2, 6, 5, 0]	239.27	[0, 4, 3, 9, 2, 6, 5, 0]	239.27	True
[2, 3, 4, 5, 7, 8]	[0, 4, 3, 8, 2, 7, 5, 0]	233.34	[0, 4, 3, 8, 2, 7, 5, 0]	233.34	True
[2, 3, 4, 5, 7, 9]	[0, 4, 3, 9, 2, 7, 5, 0]	230.58	[0, 4, 3, 9, 2, 7, 5, 0]	230.58	True
[2, 3, 4, 5, 8, 9]	[0, 4, 3, 9, 8, 2, 5, 0]	232.3	[0, 5, 2, 8, 9, 3, 4, 0]	232.3	True
[2, 3, 4, 6, 7, 8]	[0, 4, 3, 8, 2, 6, 7, 0]	245.56	[0, 4, 3, 8, 2, 6, 7, 0]	245.56	True
[2, 3, 4, 6, 7, 9]	[0, 4, 3, 9, 2, 6, 7, 0]	242.81	[0, 4, 3, 9, 2, 6, 7, 0]	242.81	True
[2, 3, 4, 6, 8, 9]	[0, 4, 3, 9, 8, 2, 6, 0]	258.19	[0, 4, 3, 9, 8, 2, 6, 0]	258.19	True
[2, 3, 4, 7, 8, 9]	[0, 4, 3, 9, 8, 2, 7, 0]	247.6	[0, 4, 3, 9, 8, 2, 7, 0]	247.6	True
[2, 3, 5, 6, 7, 8]	[0, 3, 8, 2, 6, 7, 5, 0]	247.48	[0, 5, 7, 6, 2, 8, 3, 0]	247.48	True
[2, 3, 5, 6, 7, 9]	[0, 3, 9, 2, 6, 7, 5, 0]	244.72	[0, 3, 9, 2, 6, 7, 5, 0]	244.72	True
[2, 3, 5, 6, 8, 9]	[0, 3, 9, 8, 2, 6, 5, 0]	258.21	[0, 3, 9, 8, 2, 6, 5, 0]	258.21	True
[2, 3, 5, 7, 8, 9]	[0, 3, 9, 8, 2, 7, 5, 0]	249.52	[0, 3, 9, 8, 2, 7, 5, 0]	249.52	True
[2, 3, 6, 7, 8, 9]	[0, 3, 9, 8, 2, 6, 7, 0]	261.74	[0, 3, 9, 8, 2, 6, 7, 0]	261.74	True
[2, 4, 5, 6, 7, 8]	[0, 4, 8, 2, 6, 7, 5, 0]	247.48	[0, 5, 7, 6, 2, 8, 4, 0]	247.48	True
[2, 4, 5, 6, 7, 9]	[0, 4, 9, 2, 6, 7, 5, 0]	242.58	[0, 5, 7, 6, 2, 9, 4, 0]	242.58	True
[2, 4, 5, 6, 8, 9]	[0, 4, 9, 8, 2, 6, 5, 0]	256.06	[0, 4, 9, 8, 2, 6, 5, 0]	256.06	True
[2, 4, 5, 7, 8, 9]	[0, 4, 9, 8, 2, 7, 5, 0]	247.37	[0, 4, 9, 8, 2, 7, 5, 0]	247.37	True
[2, 4, 6, 7, 8, 9]	[0, 4, 9, 8, 2, 6, 7, 0]	259.6	[0, 4, 9, 8, 2, 6, 7, 0]	259.6	True
[2, 5, 6, 7, 8, 9]	[0, 5, 7, 6, 2, 8, 9, 0]	259.14	[0, 9, 8, 2, 6, 7, 5, 0]	259.14	True
[3, 4, 5, 6, 7, 8]	[0, 4, 3, 8, 6, 7, 5, 0]	246.29	[0, 4, 3, 8, 6, 7, 5, 0]	246.29	True
[3, 4, 5, 6, 7, 9]	[0, 4, 3, 9, 6, 7, 5, 0]	243.69	[0, 4, 3, 9, 6, 7, 5, 0]	243.69	True
[3, 4, 5, 6, 8, 9]	[0, 4, 3, 9, 8, 6, 5, 0]	257.02	[0, 4, 3, 9, 8, 6, 5, 0]	257.02	True
[3, 4, 5, 7, 8, 9]	[0, 4, 3, 9, 8, 7, 5, 0]	248.9	[0, 4, 3, 9, 8, 7, 5, 0]	248.9	True
[3, 4, 6, 7, 8, 9]	[0, 4, 3, 9, 8, 6, 7, 0]	260.55	[0, 4, 3, 9, 8, 6, 7, 0]	260.55	True
[3, 5, 6, 7, 8, 9]	[0, 5, 7, 6, 8, 9, 3, 0]	262.47	[0, 3, 9, 8, 6, 7, 5, 0]	262.47	True
[4, 5, 6, 7, 8, 9]	[0, 5, 7, 6, 8, 9, 4, 0]	260.32	[0, 4, 9, 8, 6, 7, 5, 0]	260.32	True
[1, 2, 3, 4, 5, 6, 7]	[0, 4, 3, 2, 6, 1, 7, 5, 0]	203.66	[0, 5, 7, 1, 6, 2, 3, 4, 0]	203.66	True
[1, 2, 3, 4, 5, 6, 8]	[0, 4, 3, 8, 2, 6, 1, 5, 0]	242.9	[0, 4, 3, 8, 2, 6, 1, 5, 0]	242.9	True
[1, 2, 3, 4, 5, 6, 9]	[0, 4, 3, 9, 2, 6, 1, 5, 0]	240.15	[0, 4, 3, 9, 2, 6, 1, 5, 0]	240.15	True
[1, 2, 3, 4, 5, 7, 8]	[0, 4, 3, 8, 2, 1, 7, 5, 0]	233.94	[0, 4, 3, 8, 2, 1, 7, 5, 0]	233.94	True
[1, 2, 3, 4, 5, 7, 9]	[0, 4, 3, 9, 2, 1, 7, 5, 0]	231.18	[0, 4, 3, 9, 2, 1, 7, 5, 0]	231.18	True
[1, 2, 3, 4, 5, 8, 9]	[0, 4, 3, 9, 8, 2, 1, 5, 0]	235.52	[0, 4, 3, 9, 8, 2, 1, 5, 0]	235.52	True
[1, 2, 3, 4, 6, 7, 8]	[0, 4, 3, 8, 2, 6, 1, 7, 0]	255.58	[0, 4, 3, 8, 2, 6, 1, 7, 0]	255.58	True
[1, 2, 3, 4, 6, 7, 9]	[0, 4, 3, 9, 2, 6, 1, 7, 0]	252.82	[0, 4, 3, 9, 2, 6, 1, 7, 0]	252.82	True
[1, 2, 3, 4, 6, 8, 9]	[0, 4, 3, 9, 8, 2, 6, 1, 0]	258.53	[0, 1, 6, 2, 8, 9, 3, 4, 0]	258.53	True
[1, 2, 3, 4, 7, 8, 9]	[0, 4, 3, 9, 8, 2, 1, 7, 0]	248.2	[0, 4, 3, 9, 8, 2, 1, 7, 0]	248.2	True
[1, 2, 3, 5, 6, 7, 8]	[0, 3, 8, 2, 6, 1, 7, 5, 0]	257.49	[0, 3, 8, 2, 6, 1, 7, 5, 0]	257.49	True
[1, 2, 3, 5, 6, 7, 9]	[0, 3, 9, 2, 6, 1, 7, 5, 0]	254.74	[0, 3, 9, 2, 6, 1, 7, 5, 0]	254.74	True
[1, 2, 3, 5, 6, 8, 9]	[0, 3, 9, 8, 2, 6, 1, 5, 0]	259.08	[0, 3, 9, 8, 2, 6, 1, 5, 0]	259.08	True
[1, 2, 3, 5, 7, 8, 9]	[0, 3, 9, 8, 2, 1, 7, 5, 0]	250.11	[0, 3, 9, 8, 2, 1, 7, 5, 0]	250.11	True
[1, 2, 3, 6, 7, 8, 9]	[0, 3, 9, 8, 2, 6, 1, 7, 0]	271.76	[0, 3, 9, 8, 2, 6, 1, 7, 0]	271.76	True
[1, 2, 4, 5, 6, 7, 8]	[0, 4, 8, 2, 6, 1, 7, 5, 0]	257.49	[0, 4, 8, 2, 6, 1, 7, 5, 0]	257.49	True
[1, 2, 4, 5, 6, 7, 9]	[0, 4, 9, 2, 6, 1, 7, 5, 0]	252.59	[0, 4, 9, 2, 6, 1, 7, 5, 0]	252.59	True
[1, 2, 4, 5, 6, 8, 9]	[0, 4, 9, 8, 2, 6, 1, 5, 0]	256.94	[0, 4, 9, 8, 2, 6, 1, 5, 0]	256.94	True
[1, 2, 4, 5, 7, 8, 9]	[0, 4, 9, 8, 2, 1, 7, 5, 0]	247.97	[0, 5, 7, 1, 2, 8, 9, 4, 0]	247.97	True
[1, 2, 4, 6, 7, 8, 9]	[0, 4, 9, 8, 2, 6, 1, 7, 0]	269.61	[0, 4, 9, 8, 2, 6, 1, 7, 0]	269.61	True
[1, 2, 5, 6, 7, 8, 9]	[0, 9, 8, 2, 6, 1, 7, 5, 0]	269.15	[0, 5, 7, 1, 6, 2, 8, 9, 0]	269.15	True
[1, 3, 4, 5, 6, 7, 8]	[0, 4, 3, 8, 6, 1, 7, 5, 0]	256.3	[0, 4, 3, 8, 6, 1, 7, 5, 0]	256.3	True
[1, 3, 4, 5, 6, 7, 9]	[0, 4, 3, 9, 6, 1, 7, 5, 0]	253.7	[0, 4, 3, 9, 6, 1, 7, 5, 0]	253.7	True
[1, 3, 4, 5, 6, 8, 9]	[0, 4, 3, 9, 8, 6, 1, 5, 0]	257.89	[0, 4, 3, 9, 8, 6, 1, 5, 0]	257.89	True
[1, 3, 4, 5, 7, 8, 9]	[0, 4, 3, 9, 8, 1, 7, 5, 0]	249.05	[0, 4, 3, 9, 8, 1, 7, 5, 0]	249.05	True
[1, 3, 4, 6, 7, 8, 9]	[0, 4, 3, 9, 8, 6, 1, 7, 0]	270.57	[0, 4, 3, 9, 8, 6, 1, 7, 0]	270.57	True
[1, 3, 5, 6, 7, 8, 9]	[0, 3, 9, 8, 6, 1, 7, 5, 0]	272.48	[0, 3, 9, 8, 6, 1, 7, 5, 0]	272.48	True
[1, 4, 5, 6, 7, 8, 9]	[0, 4, 9, 8, 1, 6, 7, 5, 0]	285.23	[0, 4, 9, 8, 6, 1, 7, 5, 0]	270.34	False
[2, 3, 4, 5, 6, 7, 8]	[0, 4, 3, 8, 2, 6, 7, 5, 0]	247.52	[0, 4, 3, 8, 2, 6, 7, 5, 0]	247.52	True
[2, 3, 4, 5, 6, 7, 9]	[0, 4, 3, 9, 2, 6, 7, 5, 0]	244.76	[0, 4, 3, 9, 2, 6, 7, 5, 0]	244.76	True
[2, 3, 4, 5, 6, 8, 9]	[0, 4, 3, 9, 8, 2, 6, 5, 0]	258.24	[0, 4, 3, 9, 8, 2, 6, 5, 0]	258.24	True
[2, 3, 4, 5, 7, 8, 9]	[0, 4, 3, 9, 8, 2, 7, 5, 0]	249.55	[0, 4, 3, 9, 8, 2, 7, 5, 0]	249.55	True
[2, 3, 4, 6, 7, 8, 9]	[0, 4, 3, 9, 8, 2, 6, 7, 0]	261.78	[0, 4, 3, 9, 8, 2, 6, 7, 0]	261.78	True
[2, 3, 5, 6, 7, 8, 9]	[0, 3, 9, 8, 2, 6, 7, 5, 0]	263.69	[0, 3, 9, 8, 2, 6, 7, 5, 0]	263.69	True
[2, 4, 5, 6, 7, 8, 9]	[0, 4, 9, 8, 2, 6, 7, 5, 0]	261.55	[0, 4, 9, 8, 2, 6, 7, 5, 0]	261.55	True
[3, 4, 5, 6, 7, 8, 9]	[0, 4, 3, 9, 8, 6, 7, 5, 0]	262.51	[0, 4, 3, 9, 8, 6, 7, 5, 0]	262.51	True
[1, 2, 3, 4, 5, 6, 7, 8]	[0, 4, 3, 8, 2, 6, 1, 7, 5, 0]	257.53	[0, 4, 3, 8, 2, 6, 1, 7, 5, 0]	257.53	True
[1, 2, 3, 4, 5, 6, 7, 9]	[0, 4, 3, 9, 2, 6, 1, 7, 5, 0]	254.78	[0, 4, 3, 9, 2, 6, 1, 7, 5, 0]	254.78	True
[1, 2, 3, 4, 5, 6, 8, 9]	[0, 4, 3, 9, 8, 2, 6, 1, 5, 0]	259.12	[0, 4, 3, 9, 8, 2, 6, 1, 5, 0]	259.12	True
[1, 2, 3, 4, 5, 7, 8, 9]	[0, 4, 3, 9, 8, 2, 1, 7, 5, 0]	250.15	[0, 4, 3, 9, 8, 2, 1, 7, 5, 0]	250.15	True
[1, 2, 3, 4, 6, 7, 8, 9]	[0, 4, 3, 9, 8, 2, 6, 1, 7, 0]	271.79	[0, 4, 3, 9, 8, 2, 6, 1, 7, 0]	271.79	True
[1, 2, 3, 5, 6, 7, 8, 9]	[0, 3, 9, 8, 2, 6, 1, 7, 5, 0]	273.71	[0, 3, 9, 8, 2, 6, 1, 7, 5, 0]	273.71	True
[1, 2, 4, 5, 6, 7, 8, 9]	[0, 4, 9, 8, 2, 6, 1, 7, 5, 0]	271.56	[0, 4, 9, 8, 2, 6, 1, 7, 5, 0]	271.56	True
[1, 3, 4, 5, 6, 7, 8, 9]	[0, 4, 3, 9, 8, 6, 1, 7, 5, 0]	272.52	[0, 4, 3, 9, 8, 6, 1, 7, 5, 0]	272.52	True
[2, 3, 4, 5, 6, 7, 8, 9]	[0, 4, 3, 9, 8, 2, 6, 7, 5, 0]	263.73	[0, 4, 3, 9, 8, 2, 6, 7, 5, 0]	263.73	True
[1, 2, 3, 4, 5, 6, 7, 8, 9]	[0, 4, 3, 9, 8, 2, 6, 1, 7, 5, 0]	273.75	[0, 4, 3, 9, 8, 2, 6, 1, 7, 5, 0]	273.75	True
