512 18 34
0 46 56
5 99 72
3 77 6
3 49 69
4 10 20
1 91 82
2 87 66
1 75 87
3 85 20
4 91 48
5 47 90
4 97 90
4 26 62
5 56 32
3 8 56
5 93 23
3 27 5
5 40 64
2 70 20
5 88 4
4 99 49
1 18 54
2 19 22
1 32 87
5 14 15
2 43 95
5 1 96
2 98 59
2 93 54
5 47 38
1 87 22
5 77 71
3 94 74
1 13 54
5 6 77
1 71 26
2 68 30
4 20 49
4 81 64
2 36 56
3 94 67
1 54 21
4 14 65
3 19 21
5 74 6
2 93 29
1 81 38
2 88 4
3 70 17
4 73 35
1 24 24
3 18 60
2 93 70
5 85 77
1 21 12
2 20 46
3 88 70
1 5 34
4 46 45
1 48 87
5 41 5
2 43 41
4 91 44
4 46 86
3 64 3
3 66 93
3 13 89
2 71 9
3 89 77
4 47 65
5 92 62
3 67 32
5 22 25
5 95 75
3 72 71
1 35 14
5 91 6
5 38 92
5 17 44
4 24 81
1 91 81
4 10 99
2 18 72
2 83 2
4 91 47
1 3 68
5 96 86
2 31 12
2 43 89
4 76 35
4 40 14
3 89 7
1 5 65
1 99 50
5 59 78
2 86 88
4 64 49
4 26 18
3 53 2
4 63 30
3 55 50
1 82 46
5 40 75
4 33 6
5 31 87
2 51 36
2 12 16
3 39 72
2 28 96
1 86 29
1 99 58
3 56 24
4 68 85
2 91 65
4 17 26
2 21 25
1 23 38
1 4 92
5 16 61
4 20 77
1 35 25
5 93 34
4 63 10
2 23 98
3 29 68
3 35 63
1 97 94
5 3 75
5 32 15
5 53 88
1 24 5
4 67 35
3 94 3
3 57 55
3 6 86
5 21 81
1 23 13
5 15 82
5 45 31
4 38 87
1 97 95
2 38 53
1 62 9
4 75 46
3 53 88
1 23 91
1 25 27
3 19 19
2 46 59
2 14 12
2 19 4
3 91 76
4 26 90
4 94 8
3 24 52
1 69 18
4 40 2
1 58 8
1 31 60
5 80 57
4 85 40
4 48 3
1 50 95
2 53 57
5 85 89
1 86 16
5 63 20
4 14 6
4 24 16
3 35 84
4 11 35
1 33 17
3 31 26
5 37 66
4 88 18
1 34 89
3 44 68
3 69 82
4 55 44
1 24 93
2 20 61
3 65 87
3 76 16
3 65 82
2 20 24
2 79 88
5 96 70
5 71 18
5 45 48
1 2 43
1 51 82
1 38 18
5 67 99
2 14 39
1 85 68
3 42 45
5 48 63
3 49 8
3 14 22
3 76 13
3 68 64
1 3 92
5 96 37
2 95 14
4 18 29
4 67 5
3 72 39
1 13 4
5 31 25
4 61 70
2 6 64
2 55 9
1 84 32
3 54 33
5 99 15
4 7 54
5 6 73
2 54 60
3 46 74
1 31 67
2 14 82
2 68 16
4 6 37
5 19 42
2 67 18
5 80 45
2 77 38
5 20 45
1 49 89
5 10 63
1 61 75
4 92 97
3 6 65
4 96 16
3 23 81
4 56 95
2 60 24
1 98 34
2 29 8
1 88 18
3 76 24
2 59 44
3 95 26
2 88 30
4 47 60
3 12 91
4 61 78
5 3 8
5 32 26
4 65 74
2 40 66
4 89 87
1 35 74
3 94 6
4 89 12
1 58 33
5 89 16
3 42 95
5 7 52
4 48 86
2 72 57
5 33 80
2 77 68
4 74 37
2 32 35
4 77 41
3 32 36
4 49 91
3 21 49
1 75 78
5 84 26
3 18 90
3 73 17
2 57 87
5 87 4
3 81 97
1 37 7
5 19 31
4 92 60
3 51 32
2 45 49
4 29 90
2 56 77
5 26 93
1 41 95
1 87 42
4 55 70
5 22 69
1 92 22
4 33 64
5 20 73
1 56 78
2 7 74
3 64 62
2 78 86
3 2 20
3 90 17
1 51 88
5 41 56
1 6 73
1 76 55
4 87 50
1 98 17
2 63 15
2 6 91
4 64 35
5 21 8
5 95 93
2 12 41
2 40 89
1 85 42
3 98 35
5 47 42
1 45 12
5 19 60
1 11 42
4 63 68
4 43 8
4 97 41
4 94 10
5 96 64
4 24 34
5 64 60
5 92 74
4 12 41
4 95 1
2 81 8
1 25 32
1 66 63
3 71 44
4 16 90
5 45 38
5 99 33
2 50 30
4 52 46
5 85 75
4 52 68
4 18 20
3 70 99
2 20 51
1 35 13
1 81 32
5 22 59
1 66 52
3 74 25
4 82 64
5 1 78
5 64 12
5 94 73
1 37 2
1 49 13
3 69 29
1 92 11
3 21 60
1 13 65
4 98 39
2 10 73
1 71 37
4 52 3
1 74 98
3 68 30
2 86 78
1 37 79
3 9 22
5 42 99
5 35 11
4 24 45
2 75 61
2 36 16
1 75 13
1 10 91
3 17 66
3 65 21
4 37 93
3 35 62
2 86 24
5 51 8
2 41 23
3 51 44
4 36 99
5 43 51
5 30 28
4 94 15
3 76 20
2 53 86
3 14 49
4 36 21
4 78 15
5 98 25
3 46 46
1 70 9
5 71 24
4 32 86
4 92 47
5 88 16
1 72 48
5 51 25
4 94 45
5 50 41
5 84 39
5 86 18
1 24 25
3 18 1
2 75 56
5 21 14
5 23 67
1 69 72
1 26 64
4 77 98
4 85 71
4 2 92
4 97 81
1 35 92
4 74 23
2 61 39
3 21 89
2 25 7
3 65 96
4 49 35
2 52 34
5 89 74
5 90 57
4 31 52
3 46 38
4 16 55
4 23 65
4 4 31
3 17 38
3 41 94
1 2 58
5 35 54
2 94 68
1 91 97
3 90 57
5 96 44
2 38 85
5 49 51
4 53 24
2 56 56
2 31 78
3 16 82
5 2 85
4 20 73
3 11 55
2 76 47
1 66 72
4 13 20
3 85 26
5 15 38
3 91 98
2 77 21
4 35 35
1 68 12
2 82 44
2 73 62
4 90 3
4 56 30
2 80 75
1 13 83
4 3 46
4 38 87
1 91 71
5 95 56
1 6 70
2 82 99
2 85 58
2 79 5
3 86 35
2 52 80
4 57 78
1 83 89
1 85 10
5 76 44
4 68 76
1 97 69
3 29 18
3 33 16
3 94 57
5 26 36
2 77 21
5 25 41
5 87 32
4 12 6
2 24 91
5 6 45
3 11 1
1 72 73
5 50 97
1 17 81
2 3 21
1 82 67
3 49 82
5 4 61
3 65 65
5 89 4
3 73 14
2 5 12
3 9 96
2 29 98
4 68 55
2 62 67
2 75 20
3 2 78
5 31 68
5 68 44
3 70 62
4 11 78
3 90 57
1 25 1
4 35 33
3 90 72
3 27 64
